44 2
45 2
46 2
47 2
48 2
49 2
50 2
51 2
52 2
53 2
54 2
55 2
56 2
57 2
58 2
59 2
60 2
61 2
62 2
63 2
63 3
63 4
63 5
63 6
63 7
63 8
64 8
65 8
66 8
67 8
68 8
69 8
70 8
71 8
72 8
73 8
74 8
75 8
76 8
77 8
78 8
79 8
80 8
80 9
80 10
80 11
80 12
80 13
80 14
80 15
80 16
80 17
80 18
80 19
80 20
80 21
80 22
81 22
82 22
82 21
82 20
82 19
82 18
82 17
82 16
82 15
82 14
82 13
82 12
82 11
82 10
82 9
82 8
82 7
82 6
82 5
82 4
82 3
82 2
83 2
84 2
85 2
86 2
87 2
88 2
89 2
90 2
91 2
92 2
93 2
94 2
95 2
96 2
97 2
98 2
99 2
100 2
101 2
101 3
101 4
101 5
101 6
101 7
101 8
101 9
101 10
101 11
101 12
101 13
101 14
101 15
101 16
101 17
101 18
101 19
101 20
101 21
100 21
100 22
100 23
100 24
100 25
101 25
102 25
103 25
104 25
105 25
106 25
107 25
108 25
109 25
109 26
110 26
111 26
112 26
113 26
114 26
115 26
116 26
116 25
116 24
116 23
116 22
116 21
116 20
116 19
116 18
116 17
116 16
116 15
116 14
116 13
116 12
117 12
118 12
119 12
120 12
121 12
122 12
123 12
124 12
125 12
126 12
127 12
128 12
129 12
130 12
131 12
132 12
133 12
134 12
135 12
136 12
137 12
138 12
139 12
140 12
141 12
142 12
143 12
144 12
145 12
146 12
147 12
148 12
149 12
150 12
151 12
151 13
151 14
151 15
151 16
151 17
151 18
151 19
151 20
151 21
151 22
151 23
151 24
151 25
151 26
152 26
152 27
152 28
152 29
152 30
152 31
152 32
152 33
152 34
152 35
152 36
153 36
154 36
155 36
156 36
157 36
158 36
159 36
160 36
161 36
162 36
162 35
162 34
162 33
162 32
162 31
163 31
163 30
163 29
163 28
163 27
163 26
163 25
163 24
163 23
163 22
163 21
163 20
163 19
164 19
165 19
166 19
167 19
168 19
169 19
170 19
171 19
172 19
173 19
174 19
175 19
176 19
177 19
178 19
179 19
180 19
181 19
182 19
182 20
182 21
182 22
182 23
182 24
182 25
182 26
182 27
182 28
182 29
182 30
182 31
182 32
182 33
182 34
182 35
182 36
183 36
184 36
185 36
186 36
187 36
188 36
188 35
188 34
188 33
189 33
190 33
191 33
192 33
193 33
194 33
195 33
196 33
197 33
198 33
199 33
200 33
201 33
202 33
203 33
204 33
205 33
206 33
207 33
207 34
207 35
207 36
207 37
207 38
207 39
208 39
209 39
210 39
210 38
210 37
210 36
210 35
211 35
212 35
213 35
214 35
215 35
216 35
217 35
218 35
218 34
218 33
218 32
218 31
218 30
218 29
218 28
218 27
218 26
218 25
218 24
218 23
218 22
218 21
218 20
219 20
219 19
219 18
219 17
219 16
219 15
219 14
219 13
219 12
219 11
219 10
219 9
219 8
219 7
219 6
219 5
219 4
219 3
219 2
220 2
221 2
222 2
223 2
224 2
225 2
226 2
227 2
228 2
229 2
230 2
231 2
232 2
233 2
234 2
235 2
236 2
237 2
238 2
238 3
238 4
238 5
238 6
238 7
239 7
240 7
241 7
242 7
243 7
244 7
245 7
246 7
246 8
246 9
246 10
246 11
246 12
246 13
246 14
246 15
246 16
246 17
246 18
246 19
246 20
246 21
246 22
246 23
246 24
246 25
246 26
245 26
244 26
243 26
242 26
241 26
241 27
241 28
241 29
241 30
241 31
241 32
241 33
241 34
241 35
241 36
241 37
241 38
241 39
241 40
241 41
241 42
241 43
241 44
241 45
240 45
239 45
238 45
238 46
238 47
238 48
238 49
239 49
240 49
241 49
242 49
243 49
244 49
244 50
244 51
244 52
244 53
244 54
244 55
244 56
244 57
244 58
244 59
244 60
244 61
244 62
244 63
244 64
244 65
244 66
244 67
244 68
243 68
242 68
241 68
240 68
239 68
238 68
237 68
236 68
235 68
234 68
233 68
232 68
232 69
232 70
232 71
232 72
232 73
231 73
230 73
229 73
228 73
227 73
226 73
225 73
224 73
223 73
222 73
221 73
220 73
219 73
218 73
217 73
216 73
215 73
215 74
215 75
215 76
215 77
215 78
214 78
213 78
212 78
211 78
210 78
209 78
208 78
207 78
206 78
206 79
206 80
207 80
208 80
209 80
209 81
209 82
210 82
211 82
212 82
213 82
213 83
213 84
213 85
213 86
213 87
214 87
215 87
216 87
217 87
218 87
219 87
219 88
219 89
220 89
221 89
221 88
221 87
221 86
221 85
221 84
221 83
221 82
222 82
223 82
224 82
225 82
226 82
227 82
228 82
229 82
230 82
231 82
232 82
233 82
234 82
235 82
236 82
237 82
238 82
239 82
240 82
240 83
240 84
240 85
240 86
240 87
240 88
241 88
242 88
242 89
242 90
242 91
242 92
242 93
242 94
242 95
242 96
242 97
242 98
242 99
242 100
242 101
242 102
242 103
242 104
242 105
242 106
242 107
241 107
240 107
240 108
240 109
240 110
240 111
240 112
240 113
240 114
240 115
240 116
240 117
240 118
240 119
240 120
240 121
239 121
238 121
237 121
236 121
235 121
234 121
233 121
232 121
231 121
230 121
230 122
230 123
231 123
232 123
233 123
234 123
235 123
236 123
237 123
238 123
239 123
239 124
239 125
239 126
239 127
239 128
239 129
239 130
239 131
239 132
239 133
239 134
239 135
239 136
239 137
239 138
239 139
239 140
239 141
239 142
238 142
238 143
238 144
238 145
238 146
238 147
238 148
238 149
238 150
238 151
239 151
240 151
241 151
242 151
242 152
242 153
242 154
242 155
242 156
242 157
242 158
242 159
242 160
242 161
242 162
242 163
242 164
242 165
242 166
242 167
242 168
242 169
242 170
241 170
240 170
239 170
238 170
237 170
236 170
235 170
234 170
233 170
232 170
231 170
230 170
229 170
228 170
227 170
226 170
225 170
224 170
223 170
223 169
223 168
223 167
223 166
223 165
223 164
223 163
223 162
223 161
223 160
223 159
223 158
223 157
222 157
221 157
220 157
219 157
219 156
219 155
219 154
219 153
219 152
219 151
219 150
219 149
219 148
219 147
219 146
219 145
219 144
219 143
219 142
219 141
219 140
219 139
219 138
220 138
220 137
220 136
220 135
220 134
220 133
219 133
218 133
217 133
216 133
215 133
215 134
215 135
215 136
215 137
215 138
215 139
215 140
215 141
215 142
215 143
214 143
213 143
213 144
213 145
212 145
211 145
210 145
209 145
208 145
207 145
206 145
205 145
204 145
203 145
202 145
201 145
200 145
199 145
198 145
197 145
196 145
195 145
194 145
194 144
194 143
194 142
194 141
194 140
194 139
194 138
194 137
194 136
194 135
194 134
194 133
194 132
194 131
194 130
194 129
194 128
194 127
194 126
195 126
196 126
196 125
196 124
197 124
198 124
199 124
200 124
201 124
202 124
203 124
204 124
205 124
206 124
207 124
208 124
209 124
210 124
211 124
211 123
211 122
211 121
211 120
211 119
211 118
211 117
211 116
210 116
210 115
210 114
210 113
210 112
210 111
210 110
210 109
209 109
208 109
207 109
206 109
205 109
204 109
204 108
204 107
204 106
203 106
202 106
201 106
200 106
200 105
200 104
200 103
200 102
200 101
199 101
198 101
197 101
196 101
195 101
194 101
194 100
194 99
193 99
192 99
191 99
190 99
190 98
190 97
189 97
188 97
187 97
186 97
185 97
184 97
183 97
183 98
183 99
183 100
183 101
183 102
182 102
181 102
180 102
179 102
178 102
177 102
176 102
175 102
174 102
173 102
172 102
172 103
172 104
172 105
172 106
172 107
172 108
172 109
173 109
174 109
175 109
176 109
177 109
178 109
179 109
180 109
181 109
182 109
183 109
184 109
184 110
185 110
186 110
187 110
188 110
189 110
190 110
190 111
190 112
190 113
190 114
190 115
190 116
190 117
190 118
190 119
190 120
190 121
190 122
190 123
190 124
190 125
190 126
191 126
191 127
191 128
191 129
191 130
191 131
191 132
191 133
191 134
191 135
191 136
191 137
191 138
191 139
191 140
191 141
191 142
191 143
191 144
191 145
190 145
189 145
188 145
187 145
187 146
187 147
187 148
187 149
187 150
186 150
185 150
184 150
183 150
182 150
181 150
180 150
180 151
180 152
180 153
179 153
178 153
177 153
176 153
175 153
175 154
175 155
175 156
175 157
175 158
175 159
175 160
175 161
175 162
176 162
177 162
178 162
179 162
180 162
181 162
181 163
181 164
181 165
181 166
181 167
181 168
181 169
181 170
181 171
182 171
183 171
184 171
184 172
184 173
184 174
184 175
184 176
184 177
184 178
184 179
184 180
184 181
184 182
184 183
184 184
184 185
184 186
185 186
186 186
187 186
188 186
189 186
190 186
191 186
192 186
193 186
194 186
195 186
196 186
197 186
197 187
197 188
197 189
197 190
197 191
197 192
197 193
197 194
198 194
199 194
200 194
201 194
202 194
203 194
204 194
205 194
205 193
205 192
205 191
205 190
205 189
205 188
205 187
205 186
205 185
205 184
205 183
205 182
205 181
205 180
205 179
205 178
205 177
205 176
205 175
205 174
204 174
203 174
202 174
201 174
200 174
199 174
198 174
197 174
196 174
195 174
195 173
195 172
195 171
195 170
195 169
195 168
195 167
195 166
195 165
195 164
195 163
195 162
195 161
195 160
195 159
195 158
195 157
195 156
195 155
196 155
197 155
198 155
199 155
200 155
201 155
202 155
203 155
204 155
205 155
206 155
207 155
208 155
209 155
210 155
211 155
212 155
213 155
214 155
214 156
214 157
214 158
214 159
214 160
214 161
214 162
214 163
214 164
214 165
214 166
214 167
214 168
214 169
214 170
214 171
214 172
214 173
214 174
215 174
216 174
217 174
218 174
219 174
220 174
221 174
222 174
223 174
224 174
224 175
224 176
224 177
224 178
224 179
224 180
224 181
224 182
225 182
226 182
227 182
228 182
229 182
230 182
231 182
232 182
233 182
234 182
235 182
236 182
237 182
238 182
239 182
240 182
240 183
240 184
240 185
240 186
240 187
240 188
240 189
240 190
240 191
240 192
240 193
240 194
240 195
240 196
240 197
240 198
240 199
240 200
240 201
239 201
238 201
237 201
236 201
235 201
234 201
233 201
232 201
231 201
230 201
229 201
228 201
227 201
226 201
225 201
224 201
223 201
222 201
221 201
220 201
220 202
220 203
220 204
220 205
220 206
220 207
220 208
220 209
220 210
221 210
221 211
221 212
221 213
221 214
221 215
221 216
221 217
221 218
221 219
221 220
221 221
221 222
221 223
221 224
221 225
222 225
223 225
224 225
225 225
226 225
227 225
228 225
229 225
230 225
231 225
232 225
233 225
234 225
235 225
236 225
237 225
238 225
238 226
238 227
238 228
238 229
238 230
238 231
238 232
238 233
238 234
238 235
238 236
238 237
238 238
238 239
238 240
238 241
238 242
238 243
238 244
237 244
236 244
235 244
234 244
233 244
232 244
231 244
230 244
229 244
228 244
227 244
226 244
225 244
224 244
223 244
222 244
221 244
220 244
219 244
219 243
219 242
219 241
219 240
219 239
219 238
219 237
219 236
219 235
219 234
219 233
219 232
219 231
219 230
219 229
218 229
217 229
216 229
216 230
216 231
216 232
216 233
216 234
216 235
216 236
216 237
216 238
216 239
216 240
216 241
216 242
216 243
215 243
214 243
213 243
212 243
211 243
210 243
209 243
208 243
207 243
206 243
205 243
204 243
203 243
202 243
201 243
200 243
199 243
198 243
197 243
197 242
197 241
197 240
197 239
197 238
197 237
197 236
197 235
197 234
197 233
197 232
197 231
197 230
197 229
197 228
197 227
197 226
197 225
197 224
198 224
199 224
200 224
201 224
202 224
202 223
202 222
202 221
202 220
202 219
201 219
200 219
199 219
198 219
197 219
196 219
195 219
195 220
195 221
195 222
194 222
193 222
192 222
191 222
190 222
189 222
188 222
187 222
186 222
186 223
186 224
186 225
186 226
186 227
186 228
186 229
186 230
186 231
185 231
184 231
183 231
182 231
181 231
180 231
179 231
178 231
177 231
176 231
175 231
174 231
173 231
172 231
171 231
170 231
169 231
168 231
167 231
167 230
167 229
167 228
167 227
167 226
167 225
167 224
167 223
167 222
167 221
167 220
167 219
167 218
167 217
167 216
167 215
167 214
167 213
167 212
168 212
169 212
170 212
171 212
172 212
173 212
174 212
175 212
176 212
176 211
176 210
176 209
176 208
176 207
176 206
176 205
176 204
176 203
177 203
178 203
178 202
178 201
178 200
178 199
178 198
178 197
178 196
178 195
178 194
178 193
178 192
178 191
178 190
177 190
176 190
175 190
174 190
173 190
172 190
171 190
171 191
171 192
171 193
171 194
171 195
171 196
171 197
171 198
171 199
170 199
169 199
168 199
167 199
166 199
165 199
164 199
163 199
162 199
162 200
162 201
162 202
162 203
162 204
162 205
162 206
162 207
162 208
162 209
162 210
162 211
162 212
162 213
161 213
160 213
159 213
158 213
157 213
157 214
157 215
157 216
157 217
157 218
157 219
157 220
157 221
157 222
156 222
155 222
154 222
153 222
152 222
151 222
150 222
149 222
148 222
147 222
146 222
145 222
144 222
143 222
142 222
141 222
140 222
139 222
138 222
138 221
138 220
138 219
138 218
138 217
138 216
138 215
138 214
138 213
138 212
138 211
138 210
138 209
138 208
138 207
138 206
138 205
138 204
138 203
139 203
140 203
140 202
140 201
139 201
138 201
137 201
136 201
135 201
134 201
133 201
132 201
131 201
131 202
130 202
129 202
128 202
127 202
126 202
125 202
125 203
125 204
126 204
127 204
128 204
129 204
129 205
129 206
129 207
129 208
129 209
129 210
129 211
129 212
129 213
129 214
129 215
129 216
129 217
129 218
129 219
129 220
129 221
129 222
129 223
128 223
127 223
126 223
125 223
124 223
123 223
122 223
121 223
120 223
119 223
118 223
117 223
116 223
115 223
114 223
113 223
112 223
111 223
111 224
111 225
111 226
112 226
113 226
114 226
115 226
116 226
117 226
118 226
119 226
120 226
121 226
122 226
123 226
124 226
125 226
125 227
125 228
125 229
125 230
125 231
125 232
125 233
125 234
125 235
125 236
125 237
125 238
125 239
125 240
125 241
125 242
125 243
125 244
125 245
124 245
123 245
122 245
121 245
120 245
119 245
118 245
117 245
116 245
115 245
114 245
113 245
112 245
111 245
110 245
109 245
108 245
107 245
106 245
106 244
106 243
106 242
106 241
106 240
106 239
105 239
104 239
103 239
102 239
101 239
101 240
101 241
100 241
99 241
98 241
97 241
96 241
95 241
94 241
93 241
92 241
91 241
90 241
89 241
88 241
87 241
86 241
85 241
84 241
83 241
82 241
82 240
82 239
82 238
82 237
82 236
82 235
82 234
82 233
82 232
82 231
82 230
82 229
82 228
82 227
82 226
82 225
82 224
82 223
82 222
83 222
84 222
85 222
86 222
87 222
88 222
89 222
90 222
91 222
92 222
92 221
92 220
93 220
94 220
95 220
96 220
97 220
98 220
99 220
100 220
101 220
102 220
103 220
104 220
105 220
106 220
106 219
106 218
106 217
106 216
106 215
106 214
106 213
106 212
106 211
106 210
106 209
106 208
106 207
106 206
106 205
106 204
106 203
106 202
106 201
107 201
108 201
109 201
110 201
111 201
112 201
112 200
112 199
112 198
112 197
112 196
112 195
112 194
111 194
110 194
109 194
108 194
107 194
107 193
107 192
107 191
107 190
107 189
107 188
106 188
106 187
106 186
106 185
106 184
106 183
106 182
105 182
104 182
103 182
103 183
103 184
102 184
102 185
102 186
102 187
102 188
102 189
102 190
102 191
102 192
102 193
102 194
102 195
102 196
102 197
101 197
100 197
99 197
98 197
97 197
96 197
95 197
94 197
93 197
92 197
91 197
90 197
89 197
89 198
89 199
89 200
89 201
89 202
89 203
89 204
89 205
89 206
89 207
89 208
89 209
89 210
89 211
89 212
89 213
88 213
87 213
86 213
85 213
84 213
83 213
82 213
81 213
80 213
79 213
78 213
77 213
76 213
76 214
76 215
76 216
76 217
76 218
76 219
76 220
76 221
76 222
76 223
76 224
76 225
76 226
76 227
76 228
76 229
76 230
76 231
76 232
75 232
74 232
73 232
72 232
71 232
71 233
71 234
71 235
71 236
71 237
71 238
71 239
71 240
71 241
70 241
69 241
68 241
67 241
66 241
65 241
64 241
63 241
63 242
63 243
63 244
63 245
62 245
61 245
60 245
59 245
58 245
57 245
56 245
55 245
54 245
53 245
52 245
51 245
50 245
49 245
48 245
47 245
46 245
45 245
44 245
44 244
44 243
44 242
44 241
44 240
44 239
44 238
44 237
44 236
44 235
44 234
44 233
44 232
44 231
44 230
44 229
44 228
44 227
44 226
45 226
46 226
47 226
48 226
48 225
48 224
48 223
48 222
48 221
48 220
48 219
48 218
48 217
48 216
48 215
48 214
48 213
48 212
48 211
48 210
47 210
46 210
46 211
46 212
46 213
46 214
46 215
46 216
45 216
44 216
43 216
42 216
41 216
40 216
39 216
39 217
39 218
39 219
39 220
39 221
39 222
39 223
39 224
39 225
40 225
41 225
42 225
42 226
42 227
42 228
42 229
42 230
42 231
42 232
42 233
42 234
42 235
42 236
42 237
42 238
42 239
42 240
42 241
42 242
42 243
42 244
41 244
40 244
39 244
38 244
37 244
36 244
35 244
34 244
33 244
32 244
31 244
30 244
29 244
28 244
27 244
26 244
25 244
24 244
23 244
23 243
23 242
23 241
23 240
23 239
23 238
23 237
23 236
23 235
23 234
23 233
22 233
21 233
20 233
20 232
20 231
20 230
19 230
18 230
17 230
16 230
15 230
15 229
15 228
15 227
15 226
15 225
15 224
15 223
15 222
14 222
13 222
12 222
11 222
10 222
9 222
8 222
7 222
6 222
5 222
5 221
5 220
5 219
5 218
5 217
5 216
5 215
5 214
5 213
5 212
5 211
5 210
5 209
5 208
5 207
5 206
5 205
5 204
5 203
6 203
7 203
8 203
9 203
10 203
11 203
11 202
11 201
11 200
11 199
11 198
11 197
11 196
11 195
11 194
11 193
11 192
11 191
11 190
11 189
11 188
11 187
12 187
13 187
14 187
15 187
16 187
17 187
18 187
19 187
20 187
21 187
22 187
23 187
24 187
25 187
26 187
27 187
28 187
29 187
30 187
31 187
31 186
32 186
33 186
34 186
35 186
36 186
37 186
38 186
39 186
40 186
41 186
42 186
43 186
44 186
45 186
46 186
47 186
48 186
49 186
50 186
50 187
50 188
50 189
50 190
50 191
51 191
52 191
53 191
54 191
55 191
56 191
57 191
58 191
59 191
59 190
59 189
60 189
61 189
61 188
61 187
61 186
61 185
61 184
61 183
61 182
61 181
61 180
61 179
60 179
59 179
58 179
57 179
56 179
55 179
54 179
53 179
52 179
51 179
50 179
49 179
48 179
47 179
46 179
45 179
44 179
43 179
42 179
42 180
42 181
42 182
42 183
41 183
40 183
39 183
38 183
37 183
36 183
35 183
34 183
33 183
32 183
31 183
30 183
29 183
28 183
27 183
26 183
25 183
24 183
23 183
23 182
23 181
23 180
23 179
23 178
23 177
23 176
23 175
23 174
23 173
23 172
23 171
23 170
23 169
23 168
23 167
22 167
21 167
20 167
19 167
18 167
17 167
16 167
16 166
16 165
16 164
16 163
16 162
16 161
16 160
16 159
16 158
16 157
16 156
16 155
16 154
16 153
16 152
16 151
16 150
16 149
16 148
16 147
16 146
16 145
16 144
16 143
16 142
16 141
16 140
16 139
16 138
16 137
16 136
16 135
17 135
18 135
19 135
20 135
21 135
22 135
22 134
22 133
22 132
22 131
22 130
22 129
22 128
22 127
22 126
22 125
22 124
23 124
24 124
24 123
24 122
24 121
24 120
24 119
24 118
24 117
24 116
24 115
24 114
24 113
24 112
24 111
25 111
26 111
27 111
28 111
29 111
30 111
31 111
32 111
33 111
33 110
33 109
33 108
33 107
33 106
33 105
33 104
33 103
33 102
33 101
33 100
33 99
33 98
32 98
31 98
31 99
31 100
31 101
31 102
31 103
31 104
31 105
31 106
30 106
29 106
28 106
27 106
26 106
25 106
24 106
23 106
22 106
21 106
20 106
19 106
18 106
17 106
16 106
15 106
14 106
13 106
12 106
12 105
12 104
12 103
12 102
12 101
12 100
12 99
12 98
12 97
12 96
11 96
10 96
10 95
10 94
10 93
10 92
10 91
10 90
10 89
10 88
10 87
10 86
10 85
10 84
10 83
10 82
10 81
10 80
10 79
10 78
10 77
11 77
12 77
13 77
14 77
15 77
16 77
17 77
18 77
19 77
20 77
21 77
22 77
23 77
24 77
25 77
26 77
26 76
26 75
26 74
26 73
26 72
26 71
26 70
26 69
25 69
24 69
23 69
22 69
21 69
20 69
19 69
18 69
17 69
16 69
15 69
14 69
13 69
12 69
11 69
10 69
10 68
10 67
10 66
10 65
10 64
10 63
10 62
9 62
9 61
9 60
9 59
9 58
9 57
9 56
9 55
9 54
9 53
9 52
9 51
9 50
9 49
9 48
9 47
9 46
9 45
9 44
9 43
10 43
11 43
12 43
13 43
14 43
15 43
16 43
17 43
18 43
19 43
20 43
20 42
20 41
20 40
20 39
20 38
20 37
20 36
20 35
20 34
20 33
20 32
21 32
22 32
23 32
24 32
25 32
26 32
27 32
28 32
28 31
28 30
28 29
28 28
28 27
28 26
28 25
28 24
28 23
28 22
28 21
28 20
28 19
28 18
28 17
29 17
30 17
31 17
32 17
33 17
34 17
35 17
36 17
37 17
38 17
39 17
40 17
41 17
42 17
43 17
44 17
44 16
44 15
44 14
44 13
44 12
44 11
44 10
44 9
44 8
44 7
44 6
44 5
44 4
44 3
48 22
49 22
50 22
51 22
48 23
51 23
48 24
51 24
48 25
51 25
48 26
51 26
48 27
51 27
48 28
51 28
72 28
73 28
74 28
75 28
76 28
77 28
78 28
79 28
80 28
48 29
51 29
72 29
80 29
48 30
52 30
53 30
54 30
55 30
56 30
57 30
58 30
59 30
60 30
61 30
62 30
63 30
64 30
65 30
66 30
67 30
68 30
69 30
70 30
71 30
80 30
48 31
80 31
48 32
80 32
48 33
80 33
48 34
80 34
48 35
80 35
48 36
80 36
40 37
41 37
42 37
43 37
44 37
45 37
46 37
47 37
80 37
40 38
80 38
40 39
80 39
40 40
80 40
40 41
80 41
40 42
81 42
40 43
81 43
40 44
81 44
40 45
41 45
42 45
43 45
44 45
45 45
46 45
47 45
48 45
49 45
50 45
51 45
52 45
53 45
54 45
55 45
56 45
57 45
81 45
58 46
81 46
139 46
140 46
141 46
142 46
143 46
144 46
58 47
81 47
139 47
144 47
58 48
82 48
83 48
139 48
144 48
58 49
84 49
85 49
86 49
87 49
88 49
89 49
139 49
144 49
58 50
59 50
60 50
89 50
139 50
144 50
61 51
89 51
139 51
144 51
166 51
30 52
31 52
32 52
33 52
34 52
35 52
36 52
37 52
61 52
89 52
139 52
144 52
30 53
37 53
61 53
70 53
71 53
72 53
73 53
74 53
75 53
76 53
77 53
78 53
79 53
80 53
81 53
82 53
83 53
84 53
85 53
86 53
87 53
88 53
89 53
139 53
144 53
30 54
37 54
61 54
69 54
139 54
144 54
30 55
37 55
61 55
69 55
139 55
144 55
30 56
37 56
61 56
69 56
128 56
129 56
130 56
131 56
132 56
133 56
134 56
135 56
136 56
137 56
138 56
145 56
30 57
37 57
61 57
69 57
128 57
146 57
147 57
148 57
30 58
37 58
61 58
69 58
128 58
148 58
169 58
170 58
171 58
30 59
37 59
61 59
69 59
128 59
148 59
169 59
171 59
30 60
37 60
61 60
69 60
128 60
148 60
169 60
172 60
173 60
174 60
175 60
176 60
177 60
178 60
179 60
180 60
181 60
182 60
183 60
184 60
185 60
186 60
187 60
188 60
189 60
190 60
191 60
30 61
37 61
61 61
69 61
128 61
148 61
169 61
176 61
177 61
178 61
179 61
180 61
181 61
182 61
183 61
184 61
185 61
186 61
187 61
188 61
189 61
190 61
191 61
30 62
37 62
61 62
69 62
128 62
148 62
169 62
175 62
30 63
37 63
61 63
69 63
128 63
148 63
169 63
175 63
30 64
37 64
61 64
69 64
128 64
148 64
169 64
175 64
30 65
37 65
61 65
69 65
128 65
148 65
169 65
175 65
30 66
38 66
39 66
40 66
61 66
69 66
128 66
129 66
148 66
169 66
175 66
30 67
40 67
61 67
69 67
130 67
141 67
142 67
143 67
144 67
145 67
146 67
147 67
148 67
169 67
170 67
171 67
172 67
173 67
174 67
175 67
30 68
31 68
32 68
33 68
34 68
35 68
36 68
37 68
38 68
39 68
40 68
61 68
69 68
130 68
140 68
61 69
62 69
63 69
64 69
65 69
66 69
67 69
68 69
69 69
130 69
140 69
61 70
130 70
140 70
130 71
140 71
130 72
140 72
130 73
140 73
130 74
131 74
132 74
133 74
134 74
135 74
136 74
137 74
138 74
139 74
140 74
105 80
106 80
107 80
108 80
109 80
105 81
109 81
105 82
109 82
105 83
108 83
109 83
105 84
107 84
105 85
107 85
105 86
107 86
105 87
106 87
107 87
128 87
128 88
128 89
128 90
128 91
128 92
128 93
128 94
128 95
128 96
128 97
128 98
128 99
60 103
61 103
62 103
63 103
64 103
65 103
66 103
67 103
68 103
69 103
70 103
71 103
72 103
73 103
74 103
75 103
76 103
77 103
78 103
79 103
80 103
81 103
82 103
83 103
84 103
85 103
86 103
87 103
60 104
87 104
60 105
87 105
60 106
87 106
60 107
87 107
60 108
87 108
108 108
109 108
110 108
111 108
60 109
76 109
77 109
78 109
79 109
80 109
81 109
82 109
83 109
84 109
85 109
86 109
87 109
109 109
111 109
60 110
61 110
62 110
63 110
64 110
65 110
66 110
67 110
68 110
69 110
70 110
71 110
72 110
73 110
74 110
75 110
109 110
111 110
109 111
110 111
111 111
141 124
142 124
51 129
52 129
53 129
54 129
55 129
56 129
100 129
168 129
169 129
170 129
51 130
56 130
100 130
168 130
169 130
170 130
171 130
51 131
52 131
53 131
54 131
55 131
56 131
57 131
58 131
59 131
100 131
100 132
100 133
100 134
100 135
97 136
98 136
99 136
100 136
42 137
43 137
44 137
42 138
44 138
42 139
44 139
42 140
44 140
126 140
127 140
128 140
129 140
130 140
131 140
132 140
133 140
134 140
135 140
136 140
137 140
138 140
139 140
42 141
44 141
105 141
126 141
139 141
42 142
44 142
126 142
138 142
139 142
160 142
42 143
44 143
69 143
70 143
71 143
72 143
73 143
74 143
75 143
126 143
137 143
160 143
36 144
37 144
38 144
39 144
40 144
41 144
44 144
69 144
70 144
71 144
72 144
73 144
74 144
75 144
126 144
137 144
160 144
36 145
44 145
126 145
137 145
36 146
44 146
126 146
137 146
36 147
44 147
123 147
124 147
125 147
137 147
36 148
44 148
123 148
137 148
36 149
44 149
123 149
137 149
36 150
44 150
123 150
137 150
36 151
44 151
123 151
137 151
36 152
45 152
46 152
47 152
48 152
123 152
137 152
36 153
48 153
123 153
137 153
36 154
48 154
123 154
137 154
36 155
37 155
38 155
39 155
40 155
41 155
42 155
43 155
44 155
45 155
46 155
47 155
48 155
123 155
137 155
123 156
137 156
89 157
90 157
91 157
92 157
93 157
94 157
95 157
96 157
97 157
98 157
99 157
100 157
101 157
102 157
123 157
137 157
89 158
102 158
123 158
137 158
89 159
102 159
123 159
137 159
89 160
102 160
123 160
137 160
89 161
102 161
123 161
137 161
89 162
99 162
100 162
101 162
102 162
103 162
104 162
105 162
106 162
107 162
108 162
109 162
110 162
111 162
112 162
113 162
114 162
115 162
116 162
117 162
118 162
119 162
120 162
121 162
122 162
137 162
89 163
98 163
119 163
138 163
139 163
140 163
141 163
142 163
143 163
89 164
90 164
91 164
92 164
93 164
94 164
95 164
96 164
97 164
98 164
119 164
143 164
82 165
83 165
119 165
143 165
82 166
83 166
119 166
143 166
82 167
83 167
119 167
120 167
121 167
122 167
123 167
124 167
125 167
143 167
82 168
83 168
126 168
142 168
126 169
142 169
126 170
142 170
126 171
142 171
126 172
127 172
128 172
129 172
130 172
131 172
132 172
133 172
134 172
135 172
136 172
137 172
138 172
139 172
140 172
141 172
142 172
148 188
149 188
150 188
151 188
148 189
151 189
148 190
151 190
148 191
149 191
150 191
151 191
25 209
26 209
25 210
26 210
140 227
141 227
142 227
143 227
144 227
145 227
146 227
147 227
148 227
149 227
150 227
151 227
152 227
153 227
154 227
155 227
156 227
157 227
158 227
159 227
159 228
159 229
159 230
159 231
159 232
159 233
159 234
159 235
159 236
159 237
159 238
159 239
159 240
159 241
159 242
159 243
159 244
159 245
159 246
158 246
157 246
156 246
155 246
154 246
153 246
152 246
151 246
150 246
149 246
148 246
147 246
146 246
145 246
144 246
143 246
142 246
141 246
140 246
140 245
140 244
140 243
140 242
140 241
140 240
140 239
140 238
140 237
140 236
140 235
140 234
140 233
140 232
140 231
140 230
140 229
140 228
